Elapsed Time (hrs)     HR      0.93769
-9.80277778e-001  9.70000000e+001
-9.64444446e-001  9.70000000e+001
-9.48888889e-001  1.06000000e+002
-9.33333334e-001  1.00000000e+002
-9.17777779e-001  8.40000000e+001
-9.02222224e-001  1.07000000e+002
-8.86666669e-001  0.00000000e+000
-8.71111111e-001  9.60000000e+001
-8.55555556e-001  1.01000000e+002
-8.40000001e-001  9.90000000e+001
-8.24444446e-001  9.40000000e+001
-8.08888891e-001  9.90000000e+001
-7.93333333e-001  1.06000000e+002
-7.77777778e-001  1.01000000e+002
-7.62222223e-001  8.10000000e+001
-7.46666668e-001  7.90000000e+001
-7.31111113e-001  7.70000000e+001
-7.15555558e-001  8.10000000e+001
-7.00000000e-001  7.60000000e+001
-6.84444445e-001  8.00000000e+001
-6.68888890e-001  7.70000000e+001
-6.53333335e-001  7.70000000e+001
-6.37777780e-001  7.60000000e+001
-6.22222222e-001  7.80000000e+001
-6.06666667e-001  7.80000000e+001
-5.91111112e-001  7.50000000e+001
-5.75555557e-001  7.70000000e+001
-5.60000002e-001  7.80000000e+001
-5.44444445e-001  7.90000000e+001
-5.28888890e-001  7.70000000e+001
-5.13333335e-001  7.70000000e+001
-4.97777780e-001  7.80000000e+001
-4.82222225e-001  8.40000000e+001
-4.66666667e-001  8.20000000e+001
-4.51111112e-001  8.10000000e+001
-4.35555557e-001  8.00000000e+001
-4.20000002e-001  8.10000000e+001
-4.04444447e-001  8.00000000e+001
-3.88888889e-001  7.60000000e+001
-3.73333334e-001  8.20000000e+001
-3.57777779e-001  8.30000000e+001
-3.42222224e-001  7.80000000e+001
-3.26666669e-001  8.20000000e+001
-3.11111111e-001  8.10000000e+001
-2.95555556e-001  8.00000000e+001
-2.80000001e-001  7.80000000e+001
-2.64444446e-001  7.50000000e+001
-2.48888891e-001  7.90000000e+001
-2.33333333e-001  7.60000000e+001
-2.17777778e-001  7.60000000e+001
-2.02222223e-001  8.00000000e+001
-1.86666668e-001  8.10000000e+001
-1.71111113e-001  7.90000000e+001
-1.55555556e-001  0.00000000e+000
-1.40000001e-001  0.00000000e+000
-1.24444446e-001  8.20000000e+001
-1.08888891e-001  8.10000000e+001
-9.33333356e-002  8.30000000e+001
-7.77777778e-002  0.00000000e+000
-6.22222228e-002  9.10000000e+001
-4.66666678e-002  8.50000000e+001
-3.11111128e-002  8.30000000e+001
-1.55555578e-002  8.90000000e+001
0.00000000e+000  9.90000000e+001
1.55555550e-002  8.60000000e+001
3.11111100e-002  7.80000000e+001
4.66666650e-002  7.40000000e+001
6.22222200e-002  7.60000000e+001
7.77777778e-002  7.50000000e+001
9.33333328e-002  8.00000000e+001
1.08888888e-001  7.80000000e+001
1.24444443e-001  7.60000000e+001
1.39999998e-001  7.90000000e+001
1.55555556e-001  7.80000000e+001
1.71111111e-001  7.90000000e+001
1.86666666e-001  7.80000000e+001
2.02222221e-001  0.00000000e+000
2.17777776e-001  0.00000000e+000
2.33333333e-001  0.00000000e+000
2.48888888e-001  7.30000000e+001
2.64444443e-001  7.60000000e+001
2.79999998e-001  7.80000000e+001
2.95555553e-001  7.50000000e+001
3.11111111e-001  7.30000000e+001
3.26666666e-001  7.20000000e+001
3.42222221e-001  6.60000000e+001
3.57777776e-001  6.90000000e+001
3.73333331e-001  7.00000000e+001
3.88888889e-001  7.10000000e+001
4.04444444e-001  6.60000000e+001
4.19999999e-001  6.90000000e+001
4.35555554e-001  6.90000000e+001
4.51111109e-001  6.70000000e+001
4.66666667e-001  6.90000000e+001
4.82222222e-001  6.70000000e+001
4.97777777e-001  6.70000000e+001
5.13333332e-001  6.80000000e+001
5.28888887e-001  6.40000000e+001
5.44444445e-001  6.50000000e+001
5.60000000e-001  6.90000000e+001
5.75555555e-001  7.00000000e+001
5.91111110e-001  6.90000000e+001
6.06666665e-001  6.90000000e+001
6.22222222e-001  6.50000000e+001
6.37777777e-001  6.60000000e+001
6.53333332e-001  6.70000000e+001
6.68888887e-001  6.90000000e+001
6.84444442e-001  6.80000000e+001
7.00000000e-001  7.00000000e+001
7.15555555e-001  6.80000000e+001
7.31111110e-001  7.10000000e+001
7.46666665e-001  6.60000000e+001
7.62222220e-001  6.40000000e+001
7.77777778e-001  7.10000000e+001
7.93333333e-001  6.90000000e+001
8.08888888e-001  6.90000000e+001
8.24444443e-001  7.00000000e+001
8.39999998e-001  6.90000000e+001
8.55555556e-001  7.10000000e+001
8.71111111e-001  7.20000000e+001
8.86666666e-001  7.10000000e+001
9.02222221e-001  7.10000000e+001
9.17777776e-001  7.10000000e+001
9.33333334e-001  7.00000000e+001
9.48888889e-001  7.10000000e+001
9.64444444e-001  8.00000000e+001
9.79999999e-001  5.70000000e+001
9.95555554e-001  6.40000000e+001
1.01111111e+000  5.90000000e+001
1.02666667e+000  6.40000000e+001
1.04222222e+000  6.60000000e+001
1.05777778e+000  6.10000000e+001
1.07333333e+000  6.60000000e+001
1.08888889e+000  6.00000000e+001
1.10444444e+000  6.50000000e+001
1.12000000e+000  6.50000000e+001
1.13555555e+000  6.40000000e+001
1.15111111e+000  6.30000000e+001
1.16666667e+000  6.40000000e+001
1.18222222e+000  6.50000000e+001
1.19777778e+000  6.50000000e+001
1.21333333e+000  6.60000000e+001
1.22888889e+000  6.50000000e+001
1.24444444e+000  6.70000000e+001
1.26000000e+000  6.60000000e+001
1.27555555e+000  6.60000000e+001
1.29111111e+000  6.50000000e+001
1.30666666e+000  6.70000000e+001
1.32222222e+000  6.40000000e+001
1.33777778e+000  6.80000000e+001
1.35333333e+000  6.40000000e+001
1.36888889e+000  6.60000000e+001
1.38444444e+000  6.50000000e+001
1.40027778e+000  6.70000000e+001
1.41583333e+000  6.60000000e+001
1.43138889e+000  6.70000000e+001
1.44694444e+000  6.60000000e+001
1.46250000e+000  6.70000000e+001
1.47805555e+000  7.90000000e+001
1.49361111e+000  6.40000000e+001
1.50916666e+000  7.00000000e+001
1.52472222e+000  7.10000000e+001
1.54027778e+000  7.00000000e+001
1.55583333e+000  6.90000000e+001
1.57138889e+000  7.10000000e+001
1.58694444e+000  6.90000000e+001
1.60250000e+000  7.20000000e+001
1.61805556e+000  6.60000000e+001
1.63361111e+000  7.20000000e+001
1.64916667e+000  6.70000000e+001
1.66472222e+000  6.90000000e+001
1.68027778e+000  6.50000000e+001
1.69583333e+000  6.50000000e+001
1.71138889e+000  6.90000000e+001
1.72694444e+000  7.00000000e+001
1.74250000e+000  7.50000000e+001
1.75805556e+000  7.40000000e+001
1.77361111e+000  7.50000000e+001
1.78916667e+000  8.80000000e+001
1.80472222e+000  8.40000000e+001
1.82027778e+000  9.50000000e+001
1.83583333e+000  6.70000000e+001
1.85138889e+000  7.10000000e+001
1.86694444e+000  6.90000000e+001
1.88250000e+000  6.90000000e+001
1.89805555e+000  6.90000000e+001
1.91361111e+000  7.00000000e+001
1.92916667e+000  5.80000000e+001
1.94472222e+000  6.80000000e+001
1.96027778e+000  6.80000000e+001
1.97583333e+000  6.90000000e+001
1.99138889e+000  6.80000000e+001
2.00694444e+000  6.90000000e+001
2.02250000e+000  6.90000000e+001
2.03805555e+000  7.10000000e+001
2.05361111e+000  6.90000000e+001
2.06916667e+000  7.20000000e+001
2.08472222e+000  6.90000000e+001
2.10027778e+000  7.70000000e+001
2.11583333e+000  7.40000000e+001
2.13138889e+000  7.10000000e+001
2.14694444e+000  7.10000000e+001
2.16250000e+000  7.40000000e+001
2.17805555e+000  7.50000000e+001
2.19361111e+000  8.90000000e+001
2.20916666e+000  6.90000000e+001
2.22472222e+000  7.30000000e+001
2.24027778e+000  7.60000000e+001
2.25583333e+000  7.60000000e+001
2.27138889e+000  6.70000000e+001
2.28694444e+000  6.50000000e+001
2.30250000e+000  7.30000000e+001
2.31805556e+000  6.70000000e+001
2.33361111e+000  7.00000000e+001
2.34916667e+000  7.40000000e+001
2.36472222e+000  7.10000000e+001
2.38027778e+000  6.80000000e+001
2.39583333e+000  7.40000000e+001
2.41138889e+000  6.70000000e+001
2.42694444e+000  7.10000000e+001
2.44250000e+000  7.10000000e+001
2.45805556e+000  7.30000000e+001
2.47361111e+000  7.30000000e+001
2.48916667e+000  6.70000000e+001
2.50472222e+000  7.10000000e+001
2.52027778e+000  6.90000000e+001
2.53583333e+000  6.90000000e+001
2.55138889e+000  7.00000000e+001
2.56694444e+000  7.00000000e+001
2.58250000e+000  6.40000000e+001
2.59805555e+000  6.90000000e+001
2.61361111e+000  7.10000000e+001
2.62916667e+000  7.10000000e+001
2.64472222e+000  7.00000000e+001
2.66027778e+000  7.20000000e+001
2.67583333e+000  7.10000000e+001
2.69138889e+000  6.90000000e+001
2.70694444e+000  7.00000000e+001
2.72250000e+000  7.00000000e+001
2.73805555e+000  6.80000000e+001
2.75361111e+000  7.00000000e+001
2.76916667e+000  7.10000000e+001
2.78472222e+000  7.10000000e+001
2.80027778e+000  7.00000000e+001
2.81583333e+000  7.30000000e+001
2.83138889e+000  7.10000000e+001
2.84694444e+000  7.10000000e+001
2.86250000e+000  7.10000000e+001
2.87805555e+000  7.00000000e+001
2.89361111e+000  7.10000000e+001
2.90916666e+000  7.10000000e+001
2.92472222e+000  7.10000000e+001
2.94027778e+000  7.30000000e+001
2.95583333e+000  7.10000000e+001
2.97138889e+000  7.30000000e+001
2.98694444e+000  7.20000000e+001
3.00250000e+000  7.20000000e+001
3.01805556e+000  7.20000000e+001
3.03361111e+000  7.20000000e+001
3.04916667e+000  7.40000000e+001
3.06472222e+000  7.30000000e+001
3.08027778e+000  7.10000000e+001
3.09583333e+000  7.00000000e+001
3.11138889e+000  7.10000000e+001
3.12694444e+000  7.00000000e+001
3.14250000e+000  7.00000000e+001
3.15805555e+000  7.00000000e+001
3.17361111e+000  7.10000000e+001
3.18916667e+000  7.10000000e+001
3.20472222e+000  7.20000000e+001
3.22027778e+000  7.00000000e+001
3.23583333e+000  7.00000000e+001
3.25138889e+000  7.00000000e+001
3.26694444e+000  7.20000000e+001
3.28250000e+000  7.00000000e+001
3.29805555e+000  7.30000000e+001
3.31361111e+000  6.70000000e+001
3.32916667e+000  7.20000000e+001
3.34472222e+000  7.20000000e+001
3.36027778e+000  7.00000000e+001
3.37583333e+000  7.20000000e+001
3.39138889e+000  7.20000000e+001
3.40694444e+000  6.80000000e+001
3.42250000e+000  6.80000000e+001
3.43805555e+000  7.00000000e+001
3.45361111e+000  7.00000000e+001
3.46916666e+000  6.80000000e+001
3.48472222e+000  6.70000000e+001
3.50027778e+000  6.80000000e+001
3.51583333e+000  6.60000000e+001
3.53138889e+000  9.90000000e+001
3.54694444e+000  6.20000000e+001
3.56250000e+000  0.00000000e+000
3.57805556e+000  6.30000000e+001
3.59361111e+000  6.30000000e+001
3.60916667e+000  6.30000000e+001
3.62472222e+000  6.00000000e+001
3.64027778e+000  6.30000000e+001
3.65583333e+000  6.10000000e+001
3.67138889e+000  6.20000000e+001
3.68694444e+000  6.30000000e+001
3.70250000e+000  6.40000000e+001
3.71805556e+000  6.40000000e+001
3.73361111e+000  6.30000000e+001
3.74916667e+000  6.60000000e+001
3.76472222e+000  6.60000000e+001
3.78027778e+000  6.40000000e+001
3.79583333e+000  6.10000000e+001
3.81138889e+000  6.40000000e+001
3.82694444e+000  6.40000000e+001
3.84250000e+000  6.60000000e+001
3.85805555e+000  7.10000000e+001
3.87361111e+000  7.00000000e+001
3.88916667e+000  6.80000000e+001
3.90472222e+000  6.20000000e+001
3.92027778e+000  6.30000000e+001
3.93583333e+000  6.40000000e+001
3.95138889e+000  6.50000000e+001
3.96694444e+000  5.60000000e+001
3.98250000e+000  6.30000000e+001
3.99805555e+000  5.90000000e+001
4.01361111e+000  6.80000000e+001
4.02916667e+000  5.90000000e+001
4.04472222e+000  6.50000000e+001
4.06027778e+000  6.10000000e+001
4.07583333e+000  6.80000000e+001
4.09138889e+000  7.10000000e+001
4.10694444e+000  5.90000000e+001
4.12250000e+000  5.80000000e+001
4.13805555e+000  5.90000000e+001
4.15361111e+000  6.00000000e+001
4.16916666e+000  6.00000000e+001
4.18472222e+000  5.60000000e+001
4.20027778e+000  6.00000000e+001
4.21583333e+000  5.80000000e+001
4.23138889e+000  5.70000000e+001
4.24694444e+000  5.80000000e+001
4.26277778e+000  6.00000000e+001
4.27833333e+000  5.80000000e+001
4.29388889e+000  6.00000000e+001
4.30944444e+000  5.80000000e+001
4.32500000e+000  5.60000000e+001
4.34055555e+000  5.80000000e+001
4.35611111e+000  5.90000000e+001
4.37166666e+000  5.80000000e+001
4.38722222e+000  5.90000000e+001
4.40277778e+000  5.80000000e+001
4.41833333e+000  5.90000000e+001
4.43388889e+000  5.80000000e+001
4.44944444e+000  5.80000000e+001
4.46500000e+000  5.90000000e+001
4.48055555e+000  5.90000000e+001
4.49611111e+000  5.70000000e+001
4.51166666e+000  5.80000000e+001
4.52722222e+000  5.50000000e+001
4.54277778e+000  7.30000000e+001
4.55833333e+000  9.40000000e+001
4.57388889e+000  7.70000000e+001
4.58944444e+000  6.70000000e+001
4.60500000e+000  5.60000000e+001
4.62055556e+000  5.90000000e+001
4.63611111e+000  5.80000000e+001
4.65166667e+000  5.30000000e+001
4.66722222e+000  6.20000000e+001
4.68277778e+000  6.40000000e+001
4.69833333e+000  5.90000000e+001
4.71388889e+000  7.20000000e+001
4.72944444e+000  6.10000000e+001
4.74500000e+000  5.20000000e+001
4.76055555e+000  5.90000000e+001
4.77611111e+000  7.20000000e+001
4.79166667e+000  0.00000000e+000
4.80722222e+000  6.10000000e+001
4.82277778e+000  5.40000000e+001
4.83833333e+000  6.30000000e+001
4.85388889e+000  5.40000000e+001
4.86944444e+000  5.20000000e+001
4.88500000e+000  5.30000000e+001
4.90055555e+000  5.20000000e+001
4.91611111e+000  5.40000000e+001
4.93166667e+000  5.70000000e+001
4.94722222e+000  5.50000000e+001
4.96277778e+000  5.60000000e+001
4.97833333e+000  5.40000000e+001
4.99388889e+000  5.50000000e+001
5.00944444e+000  5.30000000e+001
5.02500000e+000  5.50000000e+001
5.04055555e+000  4.80000000e+001
5.05611111e+000  5.50000000e+001
5.07166666e+000  5.30000000e+001
5.08722222e+000  5.60000000e+001
5.10277778e+000  5.80000000e+001
5.11833333e+000  5.70000000e+001
5.13388889e+000  5.70000000e+001
5.14944444e+000  5.80000000e+001
5.16500000e+000  5.90000000e+001
5.18055556e+000  6.00000000e+001
5.19611111e+000  5.70000000e+001
5.21166667e+000  5.50000000e+001
5.22722222e+000  6.00000000e+001
5.24277778e+000  9.00000000e+001
5.25833333e+000  5.90000000e+001
5.27388889e+000  6.00000000e+001
5.28944444e+000  6.20000000e+001
5.30500000e+000  6.20000000e+001
5.32055556e+000  6.10000000e+001
5.33611111e+000  6.20000000e+001
5.35166667e+000  6.60000000e+001
5.36722222e+000  5.80000000e+001
5.38277778e+000  6.10000000e+001
5.39833333e+000  6.20000000e+001
5.41388889e+000  6.40000000e+001
5.42944444e+000  6.00000000e+001
5.44500000e+000  6.20000000e+001
5.46055555e+000  5.80000000e+001
5.47611111e+000  6.00000000e+001
5.49166667e+000  6.00000000e+001
5.50722222e+000  5.70000000e+001
5.52277778e+000  6.40000000e+001
5.53833333e+000  6.20000000e+001
5.55388889e+000  8.50000000e+001
5.56944444e+000  6.00000000e+001
5.58500000e+000  6.10000000e+001
5.60055555e+000  5.30000000e+001
5.61611111e+000  6.20000000e+001
5.63166667e+000  6.20000000e+001
5.64722222e+000  6.30000000e+001
5.66277778e+000  6.30000000e+001
5.67833333e+000  6.40000000e+001
5.69388889e+000  6.40000000e+001
5.70944444e+000  6.20000000e+001
5.72500000e+000  6.30000000e+001
5.74055555e+000  6.40000000e+001
5.75611111e+000  6.40000000e+001
5.77166666e+000  6.30000000e+001
5.78722222e+000  6.30000000e+001
5.80277778e+000  6.30000000e+001
5.81833333e+000  6.40000000e+001
5.83388889e+000  6.20000000e+001
5.84944444e+000  6.50000000e+001
5.86500000e+000  6.50000000e+001
5.88055556e+000  6.10000000e+001
5.89611111e+000  6.20000000e+001
5.91166667e+000  6.40000000e+001
5.92722222e+000  6.40000000e+001
5.94277778e+000  6.10000000e+001
5.95833333e+000  6.30000000e+001
5.97388889e+000  6.30000000e+001
5.98944444e+000  6.40000000e+001
6.00500000e+000  6.40000000e+001
6.02055556e+000  6.60000000e+001
6.03611111e+000  6.40000000e+001
6.05166667e+000  6.70000000e+001
6.06722222e+000  6.40000000e+001
6.08277778e+000  6.30000000e+001
6.09833333e+000  6.00000000e+001
6.11388889e+000  6.50000000e+001
6.12944444e+000  6.30000000e+001
6.14500000e+000  6.40000000e+001
6.16055555e+000  6.50000000e+001
6.17611111e+000  6.40000000e+001
6.19166667e+000  6.40000000e+001
6.20722222e+000  6.30000000e+001
6.22277778e+000  7.00000000e+001
6.23833333e+000  6.30000000e+001
6.25388889e+000  6.30000000e+001
6.26944444e+000  6.60000000e+001
6.28500000e+000  6.80000000e+001
6.30055555e+000  6.40000000e+001
6.31611111e+000  6.50000000e+001
6.33166667e+000  6.30000000e+001
6.34722222e+000  6.40000000e+001
6.36277778e+000  6.30000000e+001
6.37833333e+000  7.00000000e+001
6.39444444e+000  6.40000000e+001
6.41000000e+000  6.00000000e+001
6.42555556e+000  5.70000000e+001
6.44111111e+000  7.20000000e+001
6.45666667e+000  5.90000000e+001
6.47222222e+000  5.60000000e+001
6.48777778e+000  5.80000000e+001
6.50333333e+000  5.80000000e+001
6.51888889e+000  6.00000000e+001
6.53444444e+000  5.90000000e+001
6.55000000e+000  5.90000000e+001
6.56555556e+000  6.10000000e+001
6.58111111e+000  5.80000000e+001
6.59666667e+000  6.40000000e+001
6.61222222e+000  5.20000000e+001
6.62777778e+000  5.70000000e+001
6.64333333e+000  5.40000000e+001
6.65888889e+000  6.00000000e+001
6.67444444e+000  5.70000000e+001
6.69000000e+000  6.20000000e+001
6.70555555e+000  5.60000000e+001
6.72111111e+000  6.10000000e+001
6.73666667e+000  5.90000000e+001
6.75250000e+000  5.90000000e+001
6.76805556e+000  5.70000000e+001
6.78361111e+000  5.50000000e+001
6.79916667e+000  5.50000000e+001
6.81472222e+000  6.10000000e+001
6.83027778e+000  6.20000000e+001
6.84583333e+000  6.10000000e+001
6.86138889e+000  8.20000000e+001
6.87694444e+000  6.10000000e+001
6.89250000e+000  6.10000000e+001
6.90805555e+000  6.20000000e+001
6.92361111e+000  6.20000000e+001
6.93916667e+000  6.00000000e+001
6.95472222e+000  6.10000000e+001
6.97027778e+000  6.20000000e+001
6.98583333e+000  5.90000000e+001
7.00138889e+000  6.20000000e+001
7.01694444e+000  6.50000000e+001
7.03277778e+000  5.90000000e+001
7.04833333e+000  6.00000000e+001
7.06388889e+000  6.00000000e+001
7.07972222e+000  5.80000000e+001
7.09527778e+000  6.00000000e+001
7.11083333e+000  5.90000000e+001
7.12638889e+000  6.10000000e+001
7.14194444e+000  5.90000000e+001
7.15750000e+000  5.80000000e+001
7.17333333e+000  5.90000000e+001
7.18888889e+000  5.90000000e+001
7.20444444e+000  6.00000000e+001
7.22000000e+000  5.80000000e+001
7.23555555e+000  6.00000000e+001
7.25111111e+000  6.10000000e+001
7.26666667e+000  5.80000000e+001
7.28222222e+000  6.40000000e+001
7.29777778e+000  5.90000000e+001
7.31361111e+000  6.20000000e+001
7.32916667e+000  5.90000000e+001
7.34472222e+000  5.90000000e+001
7.36027778e+000  6.00000000e+001
7.37583333e+000  6.20000000e+001
7.39138889e+000  6.20000000e+001
7.40694444e+000  5.70000000e+001
7.42250000e+000  5.70000000e+001
7.43805555e+000  5.90000000e+001
7.45361111e+000  5.80000000e+001
7.46916667e+000  5.60000000e+001
7.48472222e+000  5.80000000e+001
7.50055556e+000  6.00000000e+001
7.51611111e+000  6.00000000e+001
7.53166667e+000  6.00000000e+001
7.54722222e+000  5.90000000e+001
7.56277778e+000  5.70000000e+001
7.57833333e+000  5.70000000e+001
7.59388889e+000  6.60000000e+001
7.60944444e+000  6.90000000e+001
7.62500000e+000  6.30000000e+001
7.64055555e+000  6.60000000e+001
7.65611111e+000  0.00000000e+000
7.67166667e+000  6.20000000e+001
7.68722222e+000  6.30000000e+001
7.70277778e+000  6.60000000e+001
7.71833333e+000  6.60000000e+001
7.73388889e+000  6.60000000e+001
7.74944444e+000  6.40000000e+001
7.76500000e+000  6.60000000e+001
7.78055555e+000  6.50000000e+001
7.79611111e+000  6.60000000e+001
7.81166667e+000  6.40000000e+001
7.82722222e+000  6.70000000e+001
7.84277778e+000  7.00000000e+001
7.85833333e+000  7.00000000e+001
7.87388889e+000  6.40000000e+001
7.88944444e+000  6.70000000e+001
7.90500000e+000  6.30000000e+001
7.92055555e+000  7.00000000e+001
7.93611111e+000  6.90000000e+001
7.95166666e+000  7.60000000e+001
7.96722222e+000  8.50000000e+001
7.98277778e+000  7.60000000e+001
7.99833333e+000  7.10000000e+001
8.01416667e+000  7.30000000e+001
8.02972222e+000  6.80000000e+001
8.04527778e+000  6.90000000e+001
8.06083333e+000  8.10000000e+001
8.07694444e+000  6.50000000e+001
8.09277778e+000  6.90000000e+001
8.10833333e+000  6.30000000e+001
8.12388889e+000  6.10000000e+001
8.13944444e+000  6.00000000e+001
8.15500000e+000  6.00000000e+001
8.17055555e+000  6.40000000e+001
8.18611111e+000  5.70000000e+001
8.20166667e+000  5.70000000e+001
8.21722222e+000  5.50000000e+001
8.23305556e+000  5.60000000e+001
8.24861111e+000  5.70000000e+001
8.26416667e+000  5.50000000e+001
8.28000000e+000  5.90000000e+001
8.29555555e+000  6.80000000e+001
8.31111111e+000  5.40000000e+001
8.32694444e+000  5.50000000e+001
8.34250000e+000  5.30000000e+001
8.35805555e+000  5.80000000e+001
8.37388889e+000  6.00000000e+001
8.38944444e+000  5.80000000e+001
8.40500000e+000  6.60000000e+001
8.42055556e+000  6.00000000e+001
8.43611111e+000  6.10000000e+001
8.45166667e+000  6.00000000e+001
8.46750000e+000  6.10000000e+001
8.48305555e+000  5.90000000e+001
8.49861111e+000  6.00000000e+001
8.51416666e+000  6.00000000e+001
8.52972222e+000  6.10000000e+001
8.54527778e+000  5.70000000e+001
8.56111111e+000  6.20000000e+001
8.57666667e+000  5.90000000e+001
8.59222222e+000  6.00000000e+001
8.60777778e+000  6.10000000e+001
8.62333333e+000  6.00000000e+001
8.63888889e+000  6.00000000e+001
8.65472222e+000  6.30000000e+001
8.67027778e+000  6.20000000e+001
8.68583333e+000  5.90000000e+001
8.70138889e+000  6.00000000e+001
8.71694444e+000  6.20000000e+001
8.73250000e+000  6.10000000e+001
8.74833333e+000  6.00000000e+001
8.76388889e+000  6.10000000e+001
8.77944444e+000  6.10000000e+001
8.79527778e+000  6.10000000e+001
8.81083333e+000  6.00000000e+001
8.82638889e+000  6.10000000e+001
8.84194444e+000  6.20000000e+001
8.85750000e+000  6.10000000e+001
8.87305555e+000  6.10000000e+001
8.88861111e+000  6.20000000e+001
8.90416667e+000  5.30000000e+001
8.91972222e+000  0.00000000e+000
8.93527778e+000  6.50000000e+001
8.95083333e+000  6.80000000e+001
