Elapsed Time (hrs)     IG mmol/L      0.9508
1.64166665e-001  7.40000000e+000
2.47499999e-001  7.30000000e+000
3.30833333e-001  7.20000000e+000
4.14166667e-001  7.00000000e+000
4.97499998e-001  6.90000000e+000
5.80833332e-001  6.80000000e+000
6.64166666e-001  6.70000000e+000
7.47500000e-001  6.70000000e+000
8.30833334e-001  6.70000000e+000
9.14166665e-001  6.80000000e+000
9.97499999e-001  6.80000000e+000
1.08083333e+000  6.60000000e+000
1.15500000e+000  6.40000000e+000
1.16416667e+000  6.10000000e+000
1.24750000e+000  5.90000000e+000
1.33083333e+000  5.80000000e+000
1.41416667e+000  5.70000000e+000
1.49750000e+000  5.70000000e+000
1.58083333e+000  5.70000000e+000
1.66416666e+000  5.70000000e+000
1.74750000e+000  5.70000000e+000
1.83083333e+000  5.70000000e+000
1.91416667e+000  5.80000000e+000
1.99750000e+000  5.90000000e+000
2.08083333e+000  5.90000000e+000
2.16416667e+000  6.00000000e+000
2.24750000e+000  6.10000000e+000
2.33083333e+000  6.20000000e+000
2.41416666e+000  6.30000000e+000
2.49750000e+000  6.30000000e+000
2.58083333e+000  6.40000000e+000
2.66416667e+000  6.40000000e+000
2.74750000e+000  6.50000000e+000
2.83083333e+000  6.50000000e+000
2.91416667e+000  6.60000000e+000
2.99750000e+000  6.70000000e+000
3.08083333e+000  6.70000000e+000
3.16416666e+000  6.70000000e+000
3.24750000e+000  6.70000000e+000
3.33083333e+000  6.70000000e+000
3.41416667e+000  6.60000000e+000
3.49750000e+000  6.60000000e+000
3.58083333e+000  6.50000000e+000
3.66416667e+000  6.50000000e+000
3.74750000e+000  6.50000000e+000
3.83083333e+000  6.50000000e+000
3.91416666e+000  6.50000000e+000
3.99750000e+000  6.50000000e+000
4.08083333e+000  6.50000000e+000
4.16416667e+000  6.50000000e+000
4.24750000e+000  6.50000000e+000
4.33083333e+000  6.50000000e+000
4.41416667e+000  6.40000000e+000
4.49750000e+000  6.40000000e+000
4.58083333e+000  6.30000000e+000
4.66416666e+000  6.30000000e+000
4.74750000e+000  6.20000000e+000
4.83083333e+000  6.20000000e+000
4.91416667e+000  6.20000000e+000
4.99750000e+000  6.30000000e+000
5.08083333e+000  6.40000000e+000
5.16416667e+000  6.60000000e+000
5.24750000e+000  6.70000000e+000
5.33083333e+000  6.90000000e+000
5.41416666e+000  7.00000000e+000
5.49750000e+000  7.10000000e+000
5.58083333e+000  7.20000000e+000
5.66416667e+000  7.20000000e+000
5.74750000e+000  7.30000000e+000
5.83083333e+000  7.30000000e+000
5.91416667e+000  7.40000000e+000
5.99750000e+000  7.40000000e+000
6.08083333e+000  7.50000000e+000
6.16416666e+000  7.50000000e+000
6.24750000e+000  7.60000000e+000
6.33083333e+000  7.60000000e+000
6.41416667e+000  7.70000000e+000
6.49750000e+000  7.70000000e+000
6.58083333e+000  7.60000000e+000
6.66416667e+000  7.60000000e+000
6.74750000e+000  7.60000000e+000
6.83083333e+000  7.60000000e+000
6.91416666e+000  7.50000000e+000
6.99750000e+000  7.50000000e+000
7.08083333e+000  7.50000000e+000
7.16416667e+000  7.50000000e+000
7.24750000e+000  7.50000000e+000
7.33083333e+000  7.60000000e+000
7.41416667e+000  7.60000000e+000
7.49750000e+000  7.60000000e+000
7.58083333e+000  7.70000000e+000
7.66416666e+000  7.70000000e+000
7.74750000e+000  7.70000000e+000
7.83083333e+000  7.70000000e+000
7.91416667e+000  7.70000000e+000
7.99750000e+000  7.70000000e+000
8.08083333e+000  7.70000000e+000
8.16416667e+000  7.80000000e+000
